11
   1000.0000000000000        1326.4167575909300        1759.3814148180400        2.2976794971806400E-007   7.4776327990741698E-008   8.2603766898988600E-008
   1759.3814148180400        2333.6729916086801        3095.4229628071198        2.9046367642733401E-007   7.1909672593191799E-008   8.1373806376707404E-008
   3095.4229628071198        4105.8208896991300        5446.0296317638304        5.1949183606160099E-007   1.0340997232920200E-007   1.1677190050614099E-007
   5446.0296317638304        7223.7049659083104        9581.6433186736103        4.9839685232602995E-007   1.2018370806906001E-007   1.3850911086790200E-007
   9581.6433186736103        12709.252263147800        16857.765178289799        4.9091678256005705E-007   1.5234109646202000E-007   1.9149462573041001E-007
   16857.765178289799        22360.679663372801        29659.921687122402        6.9745311291815899E-007   2.3497087901321499E-007   2.8625842107694697E-007
   29659.921687122402        39341.417154633898        52183.114981281702        3.8335112569646702E-007   2.2609764785027000E-007   3.1187192381182400E-007
   52183.114981281702        69216.558174466307        91810.002665379594        2.5425449100389299E-007   1.9819208755422300E-007   3.2492475591219002E-007
   91810.002665379594        121778.32604982700        161528.81238386300        1.2969084132454701E-006   6.5894676464365903E-007   8.8072583041530299E-007
   161528.81238386300        214254.52357971799        284190.79046579899        9.5592876840982202E-013  -1.0000000000000000        3.9198618981576499E-007
   284190.79046579899        376955.42682684900        499999.99500797398        1.3823774324468399E-006   1.0472151151893800E-006   1.7608859982227900E-006