11
   1000.0000000000000        1326.4167575909300        1759.3814148180400        3.8932505384544000E-007   1.1108245437821400E-007   1.1899880141011300E-007
   1759.3814148180400        2333.6729916086801        3095.4229628071198        5.2338719279792701E-007   1.0549618421619800E-007   1.1658532207462400E-007
   3095.4229628071198        4105.8208896991300        5446.0296317638304        7.5047616921724501E-007   1.2567423557271899E-007   1.4184516385372201E-007
   5446.0296317638304        7223.7049659083104        9581.6433186736103        4.9987483149855104E-007   1.3809937047518600E-007   1.6018658504915399E-007
   9581.6433186736103        12709.252263147800        16857.765178289799        6.4939559691710596E-007   1.7458639611749700E-007   2.1548529943160000E-007
   16857.765178289799        22360.679663372801        29659.921687122402        7.0537903726673304E-007   2.3536609757638199E-007   2.8530478906745702E-007
   29659.921687122402        39341.417154633898        52183.114981281702        7.5627684692100501E-007   3.1653354168289900E-007   3.9687696849018300E-007
   52183.114981281702        69216.558174466307        91810.002665379594        9.3894841066406100E-007   4.5627309974046499E-007   5.9167640909893595E-007
   91810.002665379594        121778.32604982700        161528.81238386300        8.2901063668265897E-007   5.2546104855326904E-007   7.3913632392674795E-007
   161528.81238386300        214254.52357971799        284190.79046579899        2.3588781697330002E-006   1.1791134278473899E-006   1.5538433629193600E-006
   284190.79046579899        376955.42682684900        499999.99500797398        2.8358405400323102E-006   1.7015733899597600E-006   2.4037546251196000E-006