17	1.400000e-01
1 2.910000e-01	2.400000e-01	3.530000e-01	1.660684e-11	3.874929e-12	-3.874929e-12	0.000000e+00	0.000000e+00
1 4.270000e-01	3.530000e-01	5.180000e-01	8.441810e-12	1.383903e-12	-1.383903e-12	0.000000e+00	0.000000e+00
2 6.018622e-01	5.070211e-01	7.403484e-01	3.218785e-12	1.208668e-12	-1.326777e-12	0.000000e+00	0.000000e+00
1 6.280000e-01	5.180000e-01	7.610000e-01	3.044587e-12	6.089174e-13	-6.089174e-13	0.000000e+00	0.000000e+00
2 8.788346e-01	7.403484e-01	1.083915e+00	9.184954e-13	2.668529e-13	-2.785337e-13	0.000000e+00	0.000000e+00
1 9.220000e-01	7.610000e-01	1.120000e+00	5.950784e-13	2.352635e-13	-2.352635e-13	0.000000e+00	0.000000e+00
2 1.288996e+00	1.083915e+00	1.589789e+00	2.307156e-13	1.004155e-13	-1.007448e-13	0.000000e+00	0.000000e+00
1 1.360000e+00	1.120000e+00	1.640000e+00	3.044587e-13	1.120962e-13	-1.120962e-13	0.000000e+00	0.000000e+00
2 1.890583e+00	1.589789e+00	2.331760e+00	1.642045e-13	4.325009e-14	-4.979500e-14	0.000000e+00	0.000000e+00
1 1.990000e+00	1.640000e+00	2.410000e+00	1.383903e-13	5.812394e-14	-5.812394e-14	0.000000e+00	0.000000e+00
2 2.772937e+00	2.331760e+00	3.429093e+00	7.321752e-14	2.330197e-14	-2.110729e-14	0.000000e+00	0.000000e+00
1 2.920000e+00	2.410000e+00	3.540000e+00	4.843661e-14	2.906197e-14	-2.906197e-14	0.000000e+00	0.000000e+00
2 4.085249e+00	3.429093e+00	5.288629e+00	2.424460e-14	1.055210e-14	-1.115510e-14	0.000000e+00	0.000000e+00
1 4.290000e+00	3.540000e+00	5.200000e+00	3.321368e-14	1.660684e-14	-1.660684e-14	0.000000e+00	0.000000e+00
2 6.492009e+00	5.288629e+00	9.011885e+00	3.815382e-15	3.214952e-15	-3.102928e-15	0.000000e+00	0.000000e+00
1 7.640000e+00	5.200000e+00	1.120000e+01	3.874929e-15	3.459758e-15	-3.459758e-15	0.000000e+00	0.000000e+00
2 1.153176e+01	9.011885e+00	1.600782e+01	1.435235e-15	1.034297e-15	-1.006463e-15	0.000000e+00	0.000000e+00
