11
   1000.0000000000000        1326.4167575909300        1759.3814148180400        2.2803710739763701E-007   8.8103555472557597E-008   9.6555725331644305E-008
   1759.3814148180400        2333.6729916086801        3095.4229628071198        3.8231183455113800E-007   8.5658312284098800E-008   9.6128701058064003E-008
   3095.4229628071198        4105.8208896991300        5446.0296317638304        4.8918119349770002E-007   1.0516386106318800E-007   1.2044214820538399E-007
   5446.0296317638304        7223.7049659083104        9581.6433186736103        6.0191479039364097E-007   1.3761397761720599E-007   1.5750464787390001E-007
   9581.6433186736103        12709.252263147800        16857.765178289799        3.8549567534683102E-007   1.3904688357513001E-007   1.8047311066184400E-007
   16857.765178289799        22360.679663372801        29659.921687122402        6.4773015061926098E-007   2.2880871207915399E-007   2.7839824243654599E-007
   29659.921687122402        39341.417154633898        52183.114981281702        1.5486881515435800E-006   4.3803574651494500E-007   5.2168273066305003E-007
   52183.114981281702        69216.558174466307        91810.002665379594        1.0250502915991300E-006   4.5688238670409399E-007   5.8342937879808995E-007
   91810.002665379594        121778.32604982700        161528.81238386300        1.6384818531784800E-006   7.6714901334681399E-007   9.8925277053666608E-007
   161528.81238386300        214254.52357971799        284190.79046579899        1.3381937287794701E-006   9.0577792341777500E-007   1.2974904199867201E-006
   284190.79046579899        376955.42682684900        499999.99500797398        1.6886609490179302E-011  -1.0000000000000000        9.4228021320418298E-007