  10  1.860000e-01
 2.603398e-01  2.277836e-01  3.037543e-01  2.120435e-11   1.060765e-11 -1.083996e-11  0.000000e+00  0.000000e+00
 3.471687e-01  3.037543e-01  4.050628e-01  1.224850e-11   3.300767e-12 -3.887083e-12  0.000000e+00  0.000000e+00
 4.629569e-01  4.050628e-01  5.377680e-01  6.908408e-12   1.654908e-12 -1.335088e-12  0.000000e+00  0.000000e+00
 6.125791e-01  5.377680e-01  7.147332e-01  3.069354e-12   6.455533e-13 -7.642317e-13  0.000000e+00  0.000000e+00
 8.168873e-01  7.147332e-01  9.573657e-01  8.666106e-13   3.151758e-13 -3.288735e-13  0.000000e+00  0.000000e+00
 1.097844e+00  9.573657e-01  1.275249e+00  3.336691e-13   1.666378e-13 -1.551172e-13  0.000000e+00  0.000000e+00
 1.452654e+00  1.275249e+00  1.694900e+00  9.648416e-14   8.294210e-14 -8.284728e-14  0.000000e+00  0.000000e+00
 1.937145e+00  1.694900e+00  2.250176e+00  6.131476e-14   5.002032e-14 -4.891926e-14  0.000000e+00  0.000000e+00
 2.563208e+00  2.250176e+00  2.990650e+00  5.313602e-14   3.249715e-14 -3.453957e-14  0.000000e+00  0.000000e+00
 3.418092e+00  2.990650e+00  3.988095e+00  4.185641e-14   2.093887e-14 -2.039758e-14  0.000000e+00  0.000000e+00
