11
   1000.0000000000000        1326.4167575909300        1759.3814148180400        2.7040364363575902E-007   9.5654004545651205E-008   1.0389677960690500E-007
   1759.3814148180400        2333.6729916086801        3095.4229628071198        2.5466148022393698E-007   7.8751558117149806E-008   8.7767187332234603E-008
   3095.4229628071198        4105.8208896991300        5446.0296317638304        2.8313642186964202E-007   8.5841531711088700E-008   9.9057987839444794E-008
   5446.0296317638304        7223.7049659083104        9581.6433186736103        3.7450530443983202E-007   1.1301482528252500E-007   1.3295462657791201E-007
   9581.6433186736103        12709.252263147800        16857.765178289799        2.9013717729674201E-007   1.1828480030104900E-007   1.5782690168549700E-007
   16857.765178289799        22360.679663372801        29659.921687122402        6.4030894283581396E-007   2.2180782566824999E-007   2.7217069313483902E-007
   29659.921687122402        39341.417154633898        52183.114981281702        8.9542079854928699E-007   3.2689789387921800E-007   4.0985127576262601E-007
   52183.114981281702        69216.558174466307        91810.002665379594        2.2983365688731401E-007   1.8351929761126499E-007   3.0482310510380700E-007
   91810.002665379594        121778.32604982700        161528.81238386300        3.0215374569962602E-011  -1.0000000000000000        2.2646587089767799E-007
   161528.81238386300        214254.52357971799        284190.79046579899        2.0361361831752900E-006   1.1028254617399099E-006   1.4709228031792999E-006
   284190.79046579899        376955.42682684900        499999.99500797398        9.1501914478234300E-013  -1.0000000000000000        6.7300225570528895E-007