11
   1000.0000000000000        1326.4167575909300        1759.3814148180400        3.1359915471436801E-006   1.8787108396975101E-007   1.9441579670991299E-007
   1759.3814148180400        2333.6729916086801        3095.4229628071198        2.9991370635109901E-006   1.9524734956828700E-007   2.0655712782965800E-007
   3095.4229628071198        4105.8208896991300        5446.0296317638304        4.0000371142479100E-006   2.6643560753982701E-007   2.8214153589376499E-007
   5446.0296317638304        7223.7049659083104        9581.6433186736103        5.2979881676577701E-006   3.8028590501116701E-007   4.0888639234913400E-007
   9581.6433186736103        12709.252263147800        16857.765178289799        5.5218506484065099E-006   4.9820561293155601E-007   5.4203727907630399E-007
   16857.765178289799        22360.679663372801        29659.921687122402        5.9599193488531102E-006   6.5984909395305904E-007   7.3057422807840703E-007
   29659.921687122402        39341.417154633898        52183.114981281702        1.0474309825783200E-005   1.1486763984392201E-006   1.2673916586905101E-006
   52183.114981281702        69216.558174466307        91810.002665379594        9.1859733378329493E-006   1.4015649379859800E-006   1.5905054520385101E-006
   91810.002665379594        121778.32604982700        161528.81238386300        6.7451418696162802E-006   1.5538959404961201E-006   1.8067137977375200E-006
   161528.81238386300        214254.52357971799        284190.79046579899        7.7325388558449307E-006   2.2352575308920399E-006   2.6622666039718000E-006
   284190.79046579899        376955.42682684900        499999.99500797398        1.0502596979967300E-005   3.3603028361079801E-006   4.0662263351157399E-006