  17  1.820000e-01
 2.319981e-01  2.148084e-01  2.521782e-01  1.091059e-10   1.135859e-11 -1.028757e-11  0.000000e+00  0.000000e+00
 2.723583e-01  2.521782e-01  2.969357e-01  8.216086e-11   7.437359e-12 -5.881512e-12  0.000000e+00  0.000000e+00
 3.215132e-01  2.969357e-01  3.515788e-01  5.751695e-11   2.919821e-12 -4.774361e-12  0.000000e+00  0.000000e+00
 3.816445e-01  3.515788e-01  4.148415e-01  3.266641e-11   2.518740e-12 -2.711577e-12  0.000000e+00  0.000000e+00
 4.480384e-01  4.148415e-01  4.914106e-01  1.896770e-11   1.974648e-12 -1.574469e-12  0.000000e+00  0.000000e+00
 5.347827e-01  4.914106e-01  5.830412e-01  9.769717e-12   1.017084e-12 -1.030050e-12  0.000000e+00  0.000000e+00
 6.312996e-01  5.830412e-01  6.841688e-01  5.610369e-12   6.612333e-13 -6.532660e-13  0.000000e+00  0.000000e+00
 7.370380e-01  6.841688e-01  8.083866e-01  3.592055e-12   4.733738e-13 -4.958700e-13  0.000000e+00  0.000000e+00
 8.797351e-01  8.083866e-01  9.591220e-01  1.992820e-12   2.626215e-13 -3.171085e-13  0.000000e+00  0.000000e+00
 1.038509e+00  9.591220e-01  1.128842e+00  1.360962e-12   2.376329e-13 -2.165640e-13  0.000000e+00  0.000000e+00
 1.219176e+00  1.128842e+00  1.333184e+00  4.000006e-13   1.317606e-13 -1.374186e-13  0.000000e+00  0.000000e+00
 1.447193e+00  1.333184e+00  1.577787e+00  5.471255e-13   1.116418e-13 -1.038344e-13  0.000000e+00  0.000000e+00
 1.708381e+00  1.577787e+00  1.856983e+00  1.610177e-13   6.670756e-14 -7.102951e-14  0.000000e+00  0.000000e+00
 2.005585e+00  1.856983e+00  2.193133e+00  2.223979e-13   5.551255e-14 -6.318825e-14  0.000000e+00  0.000000e+00
 2.380681e+00  2.193133e+00  2.595512e+00  1.062105e-13   4.215358e-14 -4.227569e-14  0.000000e+00  0.000000e+00
 2.810343e+00  2.595512e+00  3.374181e+00  6.175233e-14   3.115987e-14 -3.010545e-14  0.000000e+00  0.000000e+00
 3.938018e+00  3.374181e+00  4.728100e+00  3.978938e-14   1.861344e-14 -1.836295e-14  0.000000e+00  0.000000e+00
